Las Vegas,26.982905227380826,7.208079337396301,974.5517209580154,0.004344894822405119,5.523614101975358E-4,0.19791039750393455
Mexico City,27.727751480378284,10.952659374431644,973.6093494644077,0.0068999282676638326,-0.0013493768692220134,0.1974720781513116
Toronto,25.641256304942374,12.822600509255958,975.3497973820238,0.007482257168143633,-5.157975445153076E-4,0.198301333425599
New York City,25.42137932491476,15.00059464060682,976.2954422453495,0.006788495590612947,-0.0013812511955755553,0.19856183377893066
Karachi,32.34575915201243,28.435391641985156,975.1392764549958,0.0037173706548719538,0.004368119846065627,0.1981488114456936
New Delhi,37.15178266209754,35.298722096503006,974.1505001188816,0.0046413759499345925,-2.1242890001554176E-5,0.1979620117302483
Manila,37.33889294047263,35.6313575850622,973.7490541384255,0.006862235535126813,-1.2463532551911562E-4,0.1978137379434835
Sydney,35.45655174502969,33.58322772699227,974.4548629155919,0.0063069596308965095,3.195468234576694E-4,0.19801695940116937
Seoul,34.007324087047,32.02191169072674,975.0039176538512,0.005819171254125485,5.399238686634765E-4,0.19816664231689127
Tokyo,32.84835526013797,30.758330155729233,975.4437992479609,0.0054278311652021915,7.759116960675007E-4,0.1982927438966976
Cairo,33.685661009708184,31.66191185393958,975.4166486462335,0.005310614529433604,1.7647044489276688E-4,0.19825681083417945
Los Angeles,32.881425304784244,31.1190722956849,975.4820984188865,0.004804997428809511,-3.660392605139331E-4,0.19824695797836378
Rio de Janeiro,32.32434691984106,30.786933877403634,975.528447606812,0.004242967538283077,-0.0012130488776117168,0.19828948234455535
Washington DC,31.675609265768948,29.754252722759002,975.8379322150537,0.004289040408121022,-5.861803305899225E-4,0.1983758832510665
Beijing,30.99062342058239,30.7647671363771,976.0448245506667,0.004259448073747038,-0.0010378146840476041,0.19836949188566502
Chicago,30.16014225691921,29.534043221955937,976.2268321677808,0.003849982300902414,-0.00112572136748218,0.19848350752890617
London,29.34128871954179,28.58392746306205,976.3203496635124,0.003802609596478001,-7.076906487275904E-4,0.19852713271415504
Paris,29.410417537107904,27.93262994499335,976.4180216621644,0.004788986034961728,-5.819006335650459E-4,0.19872552560801313
Madrid,29.040177047539256,27.335155204879396,976.5824095464495,0.004579273865928295,-6.676873218575881E-4,0.1988493827600851
Boston,28.808276945610796,27.01758185580858,976.6937107566837,0.006144960529750921,0.0013563663988749393,0.19887354613548291
